//Exported ASCII-File
[Header]
FileName = C:\Users\reoml\Desktop\Mestrado\mapa raman\Mapa Raman_GO e rGO.WIP
ImageName = Scan_001_Spec.Data 1_F: Min & Max -> Maximum [1503 rel. 1/cm -> 1696.3 rel. 1/cm]
PointsPerLine = 61
LinesPerImage = 61
ScanUnit = µm
ScanWidth = 30
ScanHeight = 30
ScanOriginX = 22.8110008239746
ScanOriginY = -6.03900003433228
ScanOriginZ = 0
DataUnit = CCD cts
[Data]
 3.50879E+00	 3.62977E+00	 3.25000E+00	 3.52409E+00	 5.07252E+00	 2.69448E+00	 2.74842E+00	 2.22590E+00	 3.53894E+00	 2.40955E+00	 3.48795E+00	 2.13355E+00	 4.32076E+00	 2.86370E+00	 5.81408E+00	 4.06853E+00	 3.90780E+00	 2.39863E+00	 3.41989E+00	 3.60496E+00	 3.54008E+00	 2.62669E+00	 3.22533E+00	 3.67599E+00	 3.25000E+00	 2.09220E+00	 2.93523E+00	 2.91393E+00	 3.65960E+00	 2.65960E+00	 2.76506E+00	 3.30030E+00	 4.20118E+00	 3.41552E+00	 2.40388E+00	 1.75000E+00	 3.00000E+00	 2.88947E+00	 3.06793E+00	 3.05198E+00	 4.64863E+00	 2.61105E+00	 4.15186E+00	 3.17772E+00	 2.69458E+00	 2.95781E+00	 3.91561E+00	 3.44802E+00	 3.23193E+00	 4.06532E+00	 3.50000E+00	 3.12939E+00	 3.38539E+00	 2.69779E+00	 3.63539E+00	 3.39452E+00	 2.36224E+00	 3.27711E+00	 2.00000E+00	 4.31327E+00	 4.57995E+00
 3.64081E+00	 2.94448E+00	 2.91086E+00	 3.11812E+00	 3.34058E+00	 3.65495E+00	 2.81848E+00	 2.89765E+00	 3.46385E+00	 3.72590E+00	 3.75000E+00	 2.25000E+00	 2.44989E+00	 4.89137E+00	 5.47717E+00	 5.50473E+00	 4.91086E+00	 3.23067E+00	 1.85514E+00	 2.23192E+00	 2.32790E+00	 3.19574E+00	 3.71869E+00	 3.73067E+00	 3.25000E+00	 2.98149E+00	 3.25000E+00	 4.29475E+00	 3.18975E+00	 2.51014E+00	 2.62329E+00	 3.01535E+00	 3.09843E+00	 4.25000E+00	 4.20063E+00	 3.48418E+00	 2.61275E+00	 3.72590E+00	 2.00000E+00	 2.60907E+00	 3.57383E+00	 3.22107E+00	 2.68366E+00	 1.90927E+00	 2.73494E+00	 1.68975E+00	 1.75000E+00	 3.32453E+00	 2.79937E+00	 3.69448E+00	 2.64142E+00	 3.25000E+00	 1.46297E+00	 2.58626E+00	 2.64455E+00	 3.65251E+00	 1.61507E+00	 4.18219E+00	 2.88579E+00	 3.93975E+00	 4.10233E+00
 1.62669E+00	 2.67595E+00	 2.95940E+00	 2.15948E+00	 3.34586E+00	 2.76604E+00	 2.80949E+00	 2.23457E+00	 2.28083E+00	 2.25000E+00	 2.20180E+00	 2.45180E+00	 3.42306E+00	 3.16678E+00	 6.61817E+00	 8.00242E+00	 3.12950E+00	 2.20994E+00	 1.20063E+00	 1.68147E+00	 2.00000E+00	 3.00000E+00	 2.72532E+00	 2.56949E+00	 2.20481E+00	 9.72868E-01	 2.02078E+00	 3.00000E+00	 3.20679E+00	 2.04928E+00	 1.28619E+00	 1.00000E+00	 2.50000E+00	 1.23494E+00	 2.41231E+00	 2.79844E+00	 2.29245E+00	 2.85235E+00	 2.69579E+00	 4.05685E+00	 3.57008E+00	 3.48193E+00	 1.90048E+00	 2.74383E+00	 1.98795E+00	 4.06509E+00	 1.96297E+00	 1.97590E+00	 2.33374E+00	 2.23192E+00	 2.46385E+00	 3.48259E+00	 2.89906E+00	 2.50000E+00	 2.36962E+00	 1.73795E+00	 3.00000E+00	 3.41013E+00	 2.10858E+00	 2.81532E+00	 1.46260E+00
 2.78304E+00	 1.98193E+00	 2.00000E+00	 1.68231E+00	 2.17539E+00	 3.18830E+00	 2.96078E+00	 3.92770E+00	 2.21385E+00	 2.18366E+00	 1.98494E+00	 2.96297E+00	 1.47225E+00	 2.25000E+00	 4.14537E+00	 4.03837E+00	 2.87894E+00	 2.87579E+00	 3.10514E+00	 2.70063E+00	 3.40132E+00	 3.70066E+00	 2.90144E+00	 3.32713E+00	 1.75000E+00	 2.21756E+00	 2.68970E+00	 1.50000E+00	 2.26808E+00	 3.31853E+00	 4.72717E+00	 3.43835E+00	 3.50000E+00	 2.35523E+00	 1.82401E+00	 1.75000E+00	 2.07313E+00	 2.27369E+00	 1.50000E+00	 1.25000E+00	 2.19448E+00	 2.62075E+00	 2.53131E+00	 1.48494E+00	 1.75000E+00	 1.95687E+00	 2.02659E+00	 2.25000E+00	 1.45687E+00	 2.48193E+00	 1.15955E+00	 1.49074E+00	 3.20470E+00	 1.96298E+00	 2.94448E+00	 2.76252E+00	 2.25000E+00	 3.66868E+00	 2.20171E+00	 1.68975E+00	 4.45180E+00
 2.81561E+00	 2.52713E+00	 3.98576E+00	 2.79692E+00	 2.32859E+00	 3.44566E+00	 2.40991E+00	 2.35655E+00	 2.51424E+00	 2.11053E+00	 2.37943E+00	 1.86099E+00	 1.65111E+00	 1.90752E+00	 3.37939E+00	 2.80972E+00	 3.15378E+00	 1.65048E+00	 1.97107E+00	 2.46298E+00	 1.68829E+00	 1.87047E+00	 1.70682E+00	 8.91520E-01	 1.54006E+00	 1.57076E+00	 2.34241E+00	 2.43975E+00	 2.55638E+00	 6.18340E+00	 7.46383E+00	 5.72739E+00	 3.80972E+00	 2.64252E+00	 3.44450E+00	 4.25000E+00	 3.50000E+00	 1.45482E+00	 1.18482E+00	 1.71915E+00	 2.27811E+00	 2.63906E+00	 2.13895E+00	 2.42924E+00	 2.96683E+00	 2.24096E+00	 2.73795E+00	 2.71381E+00	 2.25000E+00	 3.65780E+00	 2.23795E+00	 2.50851E+00	 3.16860E+00	 1.98192E+00	 2.35655E+00	 2.52777E+00	 2.73148E+00	 2.89147E+00	 2.64455E+00	 2.09076E+00	 9.20047E-01
 2.83140E+00	 2.05338E+00	 2.44733E+00	 2.75000E+00	 3.43960E+00	 4.55235E+00	 3.15961E+00	 4.02795E+00	 2.88302E+00	 3.76205E+00	 2.15394E+00	 1.50000E+00	 1.33977E+00	 3.97780E+00	 3.06477E+00	 4.89206E+00	 3.73825E+00	 2.92766E+00	 2.14620E+00	 2.43119E+00	 2.59073E+00	 2.87315E+00	 1.56634E+00	 1.23457E+00	 2.04628E+00	 1.91137E+00	 2.95846E+00	 2.97223E+00	 3.90580E+00	 3.14418E+00	 3.89422E+00	 2.13052E+00	 3.56504E+00	 2.25000E+00	 3.42215E+00	 2.89746E+00	 2.75000E+00	 2.10707E+00	 3.26543E+00	 2.92756E+00	 3.12106E+00	 3.24842E+00	 2.75000E+00	 2.43051E+00	 2.23795E+00	 1.15623E+00	 1.56246E+00	 2.28972E+00	 1.64737E+00	 2.45063E+00	 2.17595E+00	 2.37685E+00	 2.81561E+00	 3.38269E+00	 2.69574E+00	 3.54530E+00	 1.89452E+00	 1.71869E+00	 2.46385E+00	 2.63264E+00	 2.46987E+00
 2.16561E+00	 3.62075E+00	 3.08987E+00	 2.89455E+00	 3.05190E+00	 3.84924E+00	 2.73193E+00	 3.66860E+00	 3.64792E+00	 3.42468E+00	 2.29519E+00	 2.54494E+00	 2.48102E+00	 3.18974E+00	 3.99842E+00	 3.00767E+00	 1.31853E+00	 4.00000E+00	 3.10217E+00	 3.85235E+00	 4.41868E+00	 2.98644E+00	 2.41561E+00	 2.91561E+00	 4.07076E+00	 2.62669E+00	 2.21302E+00	 2.15015E+00	 3.28703E+00	 3.98766E+00	 3.74842E+00	 2.85848E+00	 1.48457E+00	 2.52832E+00	 2.74096E+00	 2.89565E+00	 4.00000E+00	 2.83160E+00	 1.92311E+00	 2.28616E+00	 1.72590E+00	 1.32785E+00	 1.24383E+00	 1.73795E+00	 1.96078E+00	 2.36359E+00	 2.93565E+00	 3.76062E+00	 3.34452E+00	 3.02659E+00	 3.50904E+00	 2.20474E+00	 2.61099E+00	 3.01205E+00	 2.75000E+00	 2.98149E+00	 2.18354E+00	 1.42468E+00	 2.77283E+00	 2.75000E+00	 3.63235E+00
 1.99630E+00	 1.66561E+00	 3.20940E+00	 3.05432E+00	 3.95957E+00	 3.50095E+00	 2.72590E+00	 1.97590E+00	 3.08301E+00	 3.26543E+00	 2.00845E+00	 3.24383E+00	 5.38790E+00	 3.71385E+00	 2.48795E+00	 3.92597E+00	 3.17748E+00	 3.27369E+00	 2.91860E+00	 2.12329E+00	 3.04928E+00	 1.96385E+00	 2.22922E+00	 5.03615E+00	 2.06793E+00	 3.14455E+00	 3.41360E+00	 2.37061E+00	 3.49905E+00	 2.96683E+00	 3.67445E+00	 3.26356E+00	 3.25000E+00	 2.45682E+00	 2.22168E+00	 3.06156E+00	 1.46046E+00	 2.91552E+00	 2.39093E+00	 2.12983E+00	 2.37045E+00	 3.13916E+00	 6.17468E+00	 2.25000E+00	 3.70062E+00	 2.25361E+00	 2.76267E+00	 3.67599E+00	 3.00000E+00	 4.22717E+00	 3.00000E+00	 2.48192E+00	 2.54726E+00	 2.04657E+00	 3.98192E+00	 3.39142E+00	 2.96985E+00	 3.14152E+00	 2.25926E+00	 2.69132E+00	 3.55131E+00
 2.94579E+00	 4.22383E+00	 1.87342E+00	 1.09606E+00	 2.41086E+00	 1.21298E+00	 3.24630E+00	 1.62949E+00	 2.85907E+00	 3.90961E+00	 2.00000E+00	 3.62939E+00	 2.70474E+00	 2.84525E+00	 2.98938E+00	 2.90015E+00	 3.38906E+00	 2.45481E+00	 1.64558E+00	 3.23644E+00	 3.44802E+00	 1.68970E+00	 1.93207E+00	 3.40354E+00	 3.17761E+00	 1.48192E+00	 2.53131E+00	 2.46078E+00	 2.38302E+00	 3.31518E+00	 2.97841E+00	 2.25000E+00	 1.94450E+00	 1.97549E+00	 1.96987E+00	 4.02369E+00	 4.42311E+00	 2.65961E+00	 3.24809E+00	 4.40111E+00	 3.43491E+00	 3.02811E+00	 4.32671E+00	 3.87344E+00	 2.33977E+00	 3.83301E+00	 3.06181E+00	 3.26672E+00	 4.39711E+00	 4.06518E+00	 2.08676E+00	 3.68482E+00	 5.36442E+00	 3.83676E+00	 2.68565E+00	 3.48148E+00	 3.44448E+00	 4.48193E+00	 4.17604E+00	 4.25000E+00	 1.14147E+00
 2.71917E+00	 3.34646E+00	 3.25000E+00	 4.11438E+00	 2.98418E+00	 1.49383E+00	 2.50000E+00	 3.00000E+00	 1.48457E+00	 3.22590E+00	 3.09452E+00	 2.94574E+00	 2.62075E+00	 1.45063E+00	 1.70776E+00	 3.73149E+00	 2.98457E+00	 2.59076E+00	 2.64147E+00	 4.25000E+00	 2.69458E+00	 1.69574E+00	 1.99096E+00	 3.22841E+00	 2.67756E+00	 2.72922E+00	 2.75000E+00	 3.63235E+00	 2.87274E+00	 3.01356E+00	 3.40640E+00	 3.41364E+00	 3.48795E+00	 2.82244E+00	 1.91657E+00	 3.80550E+00	 3.07230E+00	 4.46075E+00	 2.48795E+00	 3.33492E+00	 3.71915E+00	 6.75409E+00	 4.93819E+00	 2.78615E+00	 3.67599E+00	 3.55097E+00	 3.16828E+00	 3.01062E+00	 2.56634E+00	 2.45380E+00	 3.25000E+00	 3.43231E+00	 2.83048E+00	 1.53244E+00	 3.48418E+00	 4.21835E+00	 3.68628E+00	 2.71028E+00	 3.48825E+00	 3.14737E+00	 1.72533E+00
 1.99074E+00	 2.87315E+00	 3.68287E+00	 3.20182E+00	 2.27369E+00	 2.50000E+00	 2.43671E+00	 1.50000E+00	 2.03244E+00	 3.69576E+00	 2.35208E+00	 1.50000E+00	 1.44869E+00	 2.46297E+00	 2.27283E+00	 1.93673E+00	 3.29008E+00	 1.90717E+00	 2.95506E+00	 2.42157E+00	 1.75000E+00	 3.30434E+00	 3.81853E+00	 5.90927E+00	 2.45072E+00	 2.60217E+00	 1.87884E+00	 3.25602E+00	 2.58769E+00	 3.47531E+00	 2.46297E+00	 2.84622E+00	 8.64547E+00	 1.06377E+01	 3.85059E+00	 2.76780E+00	 2.64976E+00	 2.42599E+00	 2.81647E+00	 3.68340E+00	 3.68038E+00	 5.13614E+00	 4.21075E+00	 3.15360E+00	 2.43231E+00	 2.84045E+00	 1.72223E+00	 1.61461E+00	 2.54154E+00	 2.60532E+00	 3.55131E+00	 2.87685E+00	 3.05063E+00	 4.13513E+00	 1.35496E+00	 2.87884E+00	 2.54510E+00	 2.13614E+00	 1.97289E+00	 1.27595E+00	 3.93960E+00
 1.71915E+00	 2.15623E+00	 2.05972E+00	 3.04668E+00	 3.39132E+00	 1.23766E+00	 2.00000E+00	 2.70755E+00	 3.16699E+00	 2.17748E+00	 3.25000E+00	 2.76205E+00	 2.75000E+00	 1.65759E+00	 1.17599E+00	 2.17539E+00	 1.50000E+00	 2.45781E+00	 1.39792E+00	 1.36731E+00	 2.64142E+00	 2.93970E+00	 2.92595E+00	 2.44937E+00	 3.01377E+00	 2.74096E+00	 3.18975E+00	 1.39147E+00	 1.66231E+00	 2.52409E+00	 2.99398E+00	 2.36094E+00	 2.92770E+00	 3.14829E+00	 2.51062E+00	 1.99074E+00	 1.75000E+00	 3.44051E+00	 2.98328E+00	 4.23938E+00	 2.93537E+00	 2.68970E+00	 3.29475E+00	 3.18523E+00	 2.25000E+00	 1.25000E+00	 2.50000E+00	 1.49383E+00	 2.10848E+00	 2.18219E+00	 2.15048E+00	 2.19576E+00	 4.20776E+00	 3.28881E+00	 3.05190E+00	 3.86275E+00	 2.14325E+00	 2.48795E+00	 2.75000E+00	 2.00000E+00	 2.82274E+00
 2.91364E+00	 3.97717E+00	 2.73795E+00	 2.05737E+00	 2.18975E+00	 1.90948E+00	 1.03684E+00	 1.22223E+00	 1.20371E+00	 2.50000E+00	 2.42396E+00	 2.30780E+00	 2.50857E+00	 2.90569E+00	 2.99177E+00	 2.84220E+00	 3.62983E+00	 1.96384E+00	 3.14829E+00	 3.06329E+00	 1.65759E+00	 2.59575E+00	 2.88488E+00	 2.09622E+00	 2.16552E+00	 2.23766E+00	 2.50000E+00	 1.68439E+00	 2.57239E+00	 3.02711E+00	 3.43366E+00	 2.39922E+00	 1.98766E+00	 2.13916E+00	 1.60217E+00	 2.61731E+00	 1.73463E+00	 2.41508E+00	 2.57403E+00	 1.89142E+00	 2.64147E+00	 3.19574E+00	 2.23148E+00	 1.37061E+00	 2.09622E+00	 2.38493E+00	 1.70180E+00	 1.98494E+00	 1.00000E+00	 1.65343E+00	 2.00000E+00	 1.98149E+00	 2.34681E+00	 1.98193E+00	 1.79154E+00	 2.44151E+00	 1.37342E+00	 2.60532E+00	 3.45482E+00	 2.42306E+00	 1.89142E+00
 2.42766E+00	 1.96683E+00	 2.22591E+00	 2.97876E+00	 2.37224E+00	 2.03703E+00	 1.96385E+00	 1.47533E+00	 2.69810E+00	 2.90759E+00	 2.04620E+00	 1.94765E+00	 1.65111E+00	 3.15256E+00	 1.97591E+00	 2.50000E+00	 2.12921E+00	 2.34924E+00	 2.94779E+00	 3.14147E+00	 3.05235E+00	 1.96298E+00	 1.73193E+00	 3.55097E+00	 3.42768E+00	 2.23418E+00	 1.00000E+00	 2.48795E+00	 2.87921E+00	 2.88527E+00	 3.88527E+00	 3.55235E+00	 2.33206E+00	 3.25000E+00	 2.70371E+00	 2.75602E+00	 2.61139E+00	 2.66840E+00	 2.08397E+00	 2.48765E+00	 1.66989E+00	 1.22341E+00	 2.09009E+00	 3.21913E+00	 3.20679E+00	 3.20062E+00	 4.46696E+00	 2.75000E+00	 2.43974E+00	 2.17865E+00	 2.70372E+00	 3.12665E+00	 1.27617E+00	 4.37047E+00	 2.62983E+00	 2.23765E+00	 3.18830E+00	 2.93671E+00	 2.11434E+00	 2.33011E+00	 1.86709E+00
 1.75000E+00	 3.27124E+00	 1.85848E+00	 2.25000E+00	 2.44263E+00	 2.39406E+00	 2.63916E+00	 1.78703E+00	 3.25000E+00	 1.93835E+00	 4.27410E+00	 3.25000E+00	 2.48149E+00	 1.73148E+00	 1.79620E+00	 2.43439E+00	 2.42445E+00	 3.03894E+00	 2.16860E+00	 3.20940E+00	 1.92445E+00	 4.66699E+00	 3.00000E+00	 3.65169E+00	 3.13916E+00	 3.85171E+00	 2.75000E+00	 2.04972E+00	 2.73766E+00	 3.19574E+00	 2.00000E+00	 2.46989E+00	 2.48457E+00	 2.16013E+00	 2.68519E+00	 3.30097E+00	 3.91985E+00	 2.16374E+00	 3.61084E+00	 2.10208E+00	 3.02373E+00	 2.75879E+00	 2.72225E+00	 4.54060E+00	 3.10523E+00	 1.97922E+00	 3.40752E+00	 2.18673E+00	 1.97717E+00	 1.75000E+00	 2.10442E+00	 2.16675E+00	 1.75000E+00	 2.43829E+00	 2.41360E+00	 2.67594E+00	 1.50000E+00	 2.67770E+00	 2.43975E+00	 1.53131E+00	 1.88895E+00
 2.89455E+00	 4.43974E+00	 2.72591E+00	 4.00000E+00	 2.17456E+00	 2.23494E+00	 3.65256E+00	 2.19576E+00	 3.83120E+00	 9.50722E-01	 3.56895E+00	 2.68317E+00	 3.00000E+00	 3.31781E+00	 2.54313E+00	 2.17766E+00	 2.33068E+00	 3.30411E+00	 3.47113E+00	 6.90739E+00	 4.30411E+00	 5.93627E+00	 1.38498E+01	 1.37093E+01	 5.88895E+00	 1.94448E+00	 1.54530E+00	 3.47532E+00	 3.29060E+00	 2.78204E+00	 2.70177E+00	 2.19574E+00	 1.87329E+00	 1.70510E+00	 2.95474E+00	 3.25000E+00	 2.18354E+00	 2.24121E+00	 2.63651E+00	 1.75000E+00	 3.00000E+00	 2.42445E+00	 3.03186E+00	 2.31634E+00	 2.86094E+00	 2.17827E+00	 4.03619E+00	 2.21385E+00	 2.11461E+00	 3.62315E+00	 2.88102E+00	 3.03304E+00	 2.64737E+00	 2.66833E+00	 1.89152E+00	 2.17992E+00	 3.52078E+00	 1.71297E+00	 2.02614E+00	 1.19566E+00	 2.33105E+00
 5.00602E+00	 3.94445E+00	 2.72168E+00	 2.72032E+00	 4.85536E+00	 1.12342E+00	 2.43675E+00	 2.92770E+00	 2.44765E+00	 2.81504E+00	 3.15495E+00	 3.09076E+00	 1.98457E+00	 2.75000E+00	 2.92768E+00	 2.84076E+00	 2.45885E+00	 1.81030E+00	 2.48494E+00	 4.64157E+00	 2.36438E+00	 1.16749E+01	 3.96828E+01	 3.29406E+01	 8.38525E+00	 3.48795E+00	 3.10496E+00	 3.42726E+00	 2.97223E+00	 1.75000E+00	 1.34248E+00	 1.63445E+00	 2.86986E+00	 2.25000E+00	 2.32252E+00	 2.82252E+00	 2.87315E+00	 2.42917E+00	 1.21302E+00	 2.39558E+00	 4.82003E+00	 4.46814E+00	 2.95482E+00	 2.03264E+00	 2.33111E+00	 2.31477E+00	 1.68523E+00	 2.00191E+00	 2.22290E+00	 2.71915E+00	 2.98193E+00	 3.18231E+00	 4.00000E+00	 1.45482E+00	 1.96386E+00	 2.62943E+00	 3.71386E+00	 2.07995E+00	 3.06881E+00	 2.45180E+00	 3.48067E+00
 1.96302E+00	 2.90948E+00	 3.70481E+00	 1.96796E+00	 3.93975E+00	 6.14142E+00	 4.72289E+00	 3.72533E+00	 3.71386E+00	 3.79006E+00	 4.12943E+00	 4.73149E+00	 2.80063E+00	 2.59991E+00	 2.21298E+00	 2.21298E+00	 2.27283E+00	 2.25000E+00	 2.91895E+00	 3.89620E+00	 3.21302E+00	 2.59845E+00	 5.70958E+00	 5.02302E+00	 2.44802E+00	 2.04726E+00	 1.98193E+00	 3.64147E+00	 2.93974E+00	 3.76234E+00	 2.90475E+00	 2.95781E+00	 4.64132E+00	 7.87344E+00	 3.20482E+00	 2.41392E+00	 2.14620E+00	 3.71424E+00	 3.45784E+00	 3.43737E+00	 3.02302E+00	 4.15605E+00	 4.56156E+00	 4.81171E+00	 4.08319E+00	 3.35514E+00	 2.70380E+00	 3.74383E+00	 1.22590E+00	 2.89783E+00	 2.06793E+00	 2.39202E+00	 1.98192E+00	 2.41565E+00	 1.69263E+00	 1.69566E+00	 2.51308E+00	 1.36103E+00	 3.80411E+00	 2.87685E+00	 2.08325E+00
 3.65378E+00	 2.37342E+00	 2.65343E+00	 2.73766E+00	 1.93354E+00	 1.95380E+00	 1.73457E+00	 3.44566E+00	 3.71683E+00	 2.75000E+00	 2.96296E+00	 1.75000E+00	 3.28619E+00	 2.93366E+00	 3.67287E+00	 2.99398E+00	 2.47532E+00	 3.22290E+00	 2.92924E+00	 3.51506E+00	 1.93970E+00	 5.02283E+00	 2.73494E+00	 3.00000E+00	 3.14132E+00	 9.87654E-01	 3.00000E+00	 3.51543E+00	 3.47289E+00	 3.46296E+00	 3.00000E+00	 2.68091E+00	 2.92157E+00	 4.51205E+00	 3.18671E+00	 2.93537E+00	 3.97225E+00	 3.48193E+00	 1.99096E+00	 2.67604E+00	 2.43671E+00	 3.41868E+00	 1.73193E+00	 3.94766E+00	 3.78576E+00	 1.48494E+00	 1.54224E+00	 2.50000E+00	 3.65991E+00	 2.98149E+00	 3.76235E+00	 2.95481E+00	 2.40948E+00	 3.93671E+00	 3.10380E+00	 2.72107E+00	 2.41561E+00	 3.00000E+00	 2.76780E+00	 2.75000E+00	 2.73765E+00
 2.55602E+00	 2.31156E+00	 1.22225E+00	 2.31881E+00	 1.91561E+00	 3.72532E+00	 1.98766E+00	 2.63188E+00	 3.34058E+00	 2.77334E+00	 2.59924E+00	 1.86822E+00	 2.21296E+00	 2.12726E+00	 2.89142E+00	 2.67141E+00	 2.77124E+00	 3.60208E+00	 2.66565E+00	 2.63861E+00	 1.00000E+00	 2.53131E+00	 2.07453E+00	 3.90742E+00	 1.73457E+00	 3.53244E+00	 2.68354E+00	 2.75000E+00	 3.75966E+00	 3.64206E+00	 3.21696E+00	 1.93590E+00	 4.72251E-01	 2.05131E+00	 1.75000E+00	 2.94315E+00	 4.65961E+00	 2.97591E+00	 9.93977E-01	 1.80972E+00	 1.73795E+00	 2.96298E+00	 2.77409E+00	 3.19779E+00	 1.99096E+00	 1.46683E+00	 3.31139E+00	 3.08011E+00	 2.16989E+00	 1.63906E+00	 2.73765E+00	 4.35848E+00	 1.85848E+00	 3.25000E+00	 4.12342E+00	 3.98193E+00	 2.43219E+00	 2.58397E+00	 3.71386E+00	 3.18671E+00	 3.57453E+00
 4.18491E+00	 1.25000E+00	 2.82729E+00	 2.41836E+00	 3.22590E+00	 2.22289E+00	 4.43519E+00	 4.62658E+00	 2.27811E+00	 3.22666E+00	 2.75000E+00	 1.00000E+00	 3.07748E+00	 1.93219E+00	 1.48765E+00	 2.28702E+00	 2.21046E+00	 1.56904E+00	 2.64147E+00	 2.98193E+00	 3.00000E+00	 1.44028E+00	 2.00000E+00	 2.48795E+00	 1.50000E+00	 2.42766E+00	 2.40354E+00	 1.43537E+00	 2.95781E+00	 2.90964E+00	 2.72864E+00	 2.47532E+00	 2.69445E+00	 2.49074E+00	 2.54224E+00	 2.27713E+00	 4.75000E+00	 2.06793E+00	 1.00000E+00	 2.55235E+00	 1.47289E+00	 2.25000E+00	 2.95992E+00	 1.97532E+00	 3.63901E+00	 3.30756E+00	 1.74398E+00	 3.46915E+00	 2.33048E+00	 2.17375E+00	 1.73148E+00	 3.07076E+00	 2.64765E+00	 1.96683E+00	 1.79628E+00	 2.23795E+00	 2.16364E+00	 2.50000E+00	 2.47841E+00	 2.56343E+00	 2.96913E+00
 2.95481E+00	 3.15955E+00	 2.21302E+00	 1.43354E+00	 3.25926E+00	 3.05063E+00	 2.91393E+00	 2.93835E+00	 2.66675E+00	 1.96915E+00	 2.18970E+00	 2.47876E+00	 2.68671E+00	 1.70474E+00	 3.61421E+00	 2.02469E+00	 2.37312E+00	 3.25000E+00	 2.25000E+00	 3.24398E+00	 2.19132E+00	 2.25000E+00	 2.94574E+00	 2.79530E+00	 2.40705E+00	 2.93207E+00	 3.34452E+00	 2.50000E+00	 2.23149E+00	 2.90144E+00	 4.92306E+00	 5.35442E+00	 2.50000E+00	 3.24398E+00	 1.74383E+00	 1.89504E+00	 2.76933E+00	 2.88336E+00	 2.05434E+00	 1.46381E+00	 1.88235E+00	 4.15961E+00	 2.52334E+00	 1.79318E+00	 2.87421E+00	 3.00191E+00	 3.74121E+00	 2.57625E+00	 2.33698E+00	 2.03703E+00	 2.53703E+00	 2.25000E+00	 1.69869E+00	 3.20755E+00	 2.09295E+00	 2.42604E+00	 2.67287E+00	 3.00000E+00	 2.40961E+00	 1.81853E+00	 1.48193E+00
 3.15780E+00	 1.79934E+00	 2.27467E+00	 3.04668E+00	 4.25000E+00	 1.73766E+00	 9.87654E-01	 1.20682E+00	 1.29421E+00	 2.09076E+00	 3.03772E+00	 2.34220E+00	 2.68219E+00	 2.41374E+00	 2.25602E+00	 4.57671E+00	 2.38641E+00	 2.68207E+00	 2.00000E+00	 2.48765E+00	 3.60918E+00	 3.86822E+00	 3.04657E+00	 2.67319E+00	 2.38031E+00	 2.18671E+00	 2.75000E+00	 1.78698E+00	 3.13555E+00	 3.45155E+00	 5.86370E+00	 6.03114E+00	 3.64711E+00	 2.38579E+00	 2.68975E+00	 4.10094E+00	 3.50000E+00	 2.95177E+00	 1.84831E+00	 1.93975E+00	 1.58325E+00	 3.47287E+00	 3.18830E+00	 3.06909E+00	 2.30434E+00	 1.44579E+00	 4.10536E+00	 2.14142E+00	 2.06949E+00	 2.00000E+00	 3.22591E+00	 3.28881E+00	 1.90955E+00	 2.40991E+00	 5.66344E-01	 7.79682E-01	 2.59052E+00	 2.95994E+00	 3.08977E+00	 3.31532E+00	 3.10514E+00
 1.62665E+00	 2.01852E+00	 3.09856E+00	 2.75000E+00	 3.16952E+00	 2.41392E+00	 1.89132E+00	 1.23795E+00	 4.46383E+00	 9.68255E+00	 3.98370E+00	 2.40961E+00	 3.65961E+00	 2.90961E+00	 1.93975E+00	 2.25397E+00	 2.09888E+00	 2.43105E+00	 3.14504E+00	 2.37665E+00	 2.45180E+00	 3.13740E+00	 2.67924E+00	 2.42599E+00	 3.23766E+00	 2.00000E+00	 3.00000E+00	 2.92306E+00	 2.21985E+00	 3.69448E+00	 3.05063E+00	 2.85748E+00	 2.26447E+00	 2.52110E+00	 2.20072E+00	 3.00000E+00	 2.35582E+00	 2.65048E+00	 2.61421E+00	 2.48149E+00	 1.47533E+00	 2.69576E+00	 2.75602E+00	 2.64452E+00	 3.04130E+00	 2.95784E+00	 1.98795E+00	 1.71298E+00	 3.86434E+00	 3.84521E+00	 1.21385E+00	 2.49344E+00	 1.48766E+00	 1.96297E+00	 3.53772E+00	 1.75000E+00	 3.58414E+00	 2.96989E+00	 2.61664E+00	 3.45781E+00	 1.97841E+00
 3.87894E+00	 4.42170E+00	 3.73193E+00	 2.43960E+00	 3.34241E+00	 4.24548E+00	 3.86986E+00	 4.94448E+00	 6.24945E+00	 9.19983E+00	 1.94779E+00	 3.69448E+00	 4.16699E+00	 1.16675E+00	 3.16860E+00	 2.17827E+00	 2.93657E+00	 2.07403E+00	 1.70482E+00	 3.00000E+00	 1.75000E+00	 2.23766E+00	 7.85380E+00	 6.57720E+00	 5.11487E+00	 5.63740E+00	 3.25000E+00	 2.91392E+00	 1.54829E+00	 3.14093E+00	 3.62660E+00	 1.99383E+00	 2.32153E+00	 2.18975E+00	 2.46917E+00	 3.00000E+00	 2.74177E+00	 2.00000E+00	 3.06904E+00	 3.96915E+00	 3.03357E+00	 2.00000E+00	 1.75000E+00	 2.43231E+00	 2.27469E+00	 2.00617E+00	 4.07232E+00	 2.20177E+00	 2.86731E+00	 2.70994E+00	 3.47532E+00	 2.76234E+00	 3.16772E+00	 2.58162E+00	 2.75000E+00	 1.89765E+00	 3.16675E+00	 1.54519E+00	 1.39620E+00	 1.71228E+00	 2.78819E+00
 3.00000E+00	 5.61969E+00	 3.30949E+00	 2.86359E+00	 2.98938E+00	 4.71028E+00	 4.00000E+00	 2.62116E+00	 2.35594E+00	 2.47533E+00	 2.98148E+00	 2.73765E+00	 2.85198E+00	 1.97277E+00	 1.49398E+00	 3.26898E+00	 3.98795E+00	 3.44051E+00	 2.75000E+00	 2.40961E+00	 2.40015E+00	 2.14132E+00	 5.91317E+00	 9.21967E+00	 9.01104E+00	 1.86765E+00	 3.00000E+00	 3.24074E+00	 3.52334E+00	 3.45066E+00	 2.72589E+00	 4.10217E+00	 3.21696E+00	 3.39147E+00	 2.00074E+00	 3.26506E+00	 1.24074E+00	 2.93565E+00	 3.71716E+00	 3.24905E+00	 5.51234E+00	 4.13740E+00	 2.70481E+00	 2.42468E+00	 3.87688E+00	 1.68835E+00	 3.45177E+00	 3.02659E+00	 1.69579E+00	 2.13895E+00	 2.50000E+00	 2.43657E+00	 2.70994E+00	 3.00000E+00	 1.46917E+00	 3.83140E+00	 3.70372E+00	 2.77711E+00	 2.26424E+00	 1.74398E+00	 2.90745E+00
 1.67770E+00	 2.35137E+00	 2.85233E+00	 2.96384E+00	 3.31463E+00	 3.51594E+00	 3.61898E+00	 2.41393E+00	 2.10594E+00	 4.02886E+00	 3.59295E+00	 2.72590E+00	 4.07173E+00	 3.78703E+00	 3.20776E+00	 2.83048E+00	 2.96610E+00	 2.06343E+00	 2.98148E+00	 4.36698E+00	 1.45482E+00	 2.99205E+00	 4.75000E+00	 4.19689E+00	 3.05868E+00	 2.50966E+00	 3.62921E+00	 3.87079E+00	 3.24398E+00	 1.83397E+00	 2.70781E+00	 3.88906E+00	 3.78013E+00	 2.73795E+00	 1.48795E+00	 3.26014E+00	 2.67597E+00	 3.22532E+00	 1.42157E+00	 1.43366E+00	 1.45481E+00	 2.86969E+00	 3.80612E+00	 4.50000E+00	 2.90354E+00	 3.69574E+00	 3.26852E+00	 4.35435E+00	 1.58105E+00	 3.40343E+00	 2.42768E+00	 3.70180E+00	 2.49809E+00	 1.86664E+00	 2.85868E+00	 2.83783E+00	 4.11084E+00	 3.66770E+00	 1.50000E+00	 3.79620E+00	 2.84076E+00
 2.54519E+00	 2.00000E+00	 2.92748E+00	 3.47532E+00	 3.47532E+00	 3.70180E+00	 3.39530E+00	 3.75685E+00	 2.94802E+00	 1.52110E+00	 2.44448E+00	 2.46913E+00	 3.25000E+00	 1.67748E+00	 2.92157E+00	 4.78189E+00	 5.68627E+00	 2.45481E+00	 2.50000E+00	 3.76543E+00	 3.65780E+00	 1.89486E+00	 2.34045E+00	 4.16772E+00	 2.50000E+00	 7.37474E+00	 9.60013E+00	 6.34021E+00	 4.40780E+00	 1.80756E+00	 4.53482E+00	 3.00000E+00	 1.93657E+00	 2.47589E+00	 3.21228E+00	 5.51308E+00	 4.21297E+00	 3.28616E+00	 3.56170E+00	 2.61434E+00	 2.45781E+00	 3.42599E+00	 3.45171E+00	 2.73494E+00	 4.33140E+00	 2.98406E+00	 3.42597E+00	 2.98149E+00	 2.68366E+00	 4.46696E+00	 2.45028E+00	 3.23148E+00	 3.21985E+00	 3.45992E+00	 2.77334E+00	 4.03015E+00	 3.23765E+00	 3.94576E+00	 3.56518E+00	 3.23193E+00	 4.77414E+00
 1.69579E+00	 3.21046E+00	 2.59889E+00	 2.87776E+00	 2.50000E+00	 2.59924E+00	 3.73795E+00	 3.18366E+00	 2.42766E+00	 3.00000E+00	 1.92761E+00	 2.69244E+00	 2.00000E+00	 2.90394E+00	 2.81463E+00	 5.70118E+00	 5.25845E+00	 3.42005E+00	 2.20994E+00	 1.62017E+00	 2.23149E+00	 2.87329E+00	 2.02159E+00	 1.00000E+00	 8.59315E+00	 3.06354E+01	 4.12816E+01	 3.83500E+01	 2.28319E+01	 1.07993E+01	 3.65190E+00	 3.84606E+00	 1.71298E+00	 2.96384E+00	 2.21985E+00	 2.61913E+00	 3.36359E+00	 3.49074E+00	 3.17761E+00	 2.75000E+00	 2.96296E+00	 3.13906E+00	 2.20994E+00	 2.23494E+00	 2.18219E+00	 1.89155E+00	 3.01235E+00	 1.49383E+00	 2.78902E+00	 2.56949E+00	 2.25000E+00	 2.91840E+00	 2.13947E+00	 1.86438E+00	 3.25000E+00	 3.93830E+00	 2.22589E+00	 3.40606E+00	 2.80602E+00	 3.50000E+00	 1.95679E+00
 1.91840E+00	 2.82694E+00	 2.65924E+00	 1.74398E+00	 1.98795E+00	 2.19458E+00	 2.55949E+00	 1.22287E+00	 2.15048E+00	 2.13302E+00	 3.98631E+00	 2.84452E+00	 1.50000E+00	 2.62315E+00	 2.09681E+00	 1.25000E+00	 1.94448E+00	 2.04972E+00	 2.29519E+00	 2.64504E+00	 1.98193E+00	 2.30972E+00	 2.46915E+00	 1.81904E+00	 9.13998E+00	 3.14314E+01	 5.63298E+01	 5.78795E+01	 4.80133E+01	 3.56977E+01	 2.04323E+01	 7.96625E+00	 3.13684E+00	 1.68439E+00	 4.78411E-01	 2.43844E+00	 2.81156E+00	 4.54154E+00	 2.97205E+00	 2.09744E+00	 3.51377E+00	 2.69388E+00	 2.71134E+00	 3.44579E+00	 1.97289E+00	 2.14455E+00	 3.56981E+00	 3.00000E+00	 2.80552E+00	 3.78894E+00	 2.31477E+00	 1.90955E+00	 2.10235E+00	 1.82383E+00	 1.15717E+00	 2.75468E+00	 1.53576E+00	 2.09845E+00	 2.00000E+00	 3.15186E+00	 2.93737E+00
 2.28481E+00	 2.36709E+00	 2.77832E+00	 1.95371E+00	 2.01672E+00	 2.63895E+00	 5.88895E+00	 3.15746E+00	 2.43537E+00	 2.72287E+00	 3.36461E+00	 3.65475E+00	 1.45958E+00	 2.50845E+00	 3.23193E+00	 2.57252E+00	 2.50000E+00	 2.73795E+00	 1.43960E+00	 2.88235E+00	 3.83319E+00	 3.68696E+00	 2.68496E+00	 2.22533E+00	 7.00946E+00	 2.52371E+01	 5.12287E+01	 6.15130E+01	 6.20485E+01	 5.92131E+01	 4.41099E+01	 1.60876E+01	 2.59845E+00	 1.92141E+00	 2.13235E+00	 2.38861E+00	 2.59052E+00	 3.03417E+00	 1.71917E+00	 3.06769E+00	 3.75000E+00	 2.68491E+00	 2.21869E+00	 2.37669E+00	 2.17770E+00	 2.58120E+00	 3.34314E+00	 2.17157E+00	 2.14252E+00	 1.67756E+00	 2.18219E+00	 2.43565E+00	 2.73457E+00	 2.21298E+00	 1.71384E+00	 1.50000E+00	 1.75000E+00	 2.04726E+00	 2.76933E+00	 2.25000E+00	 2.77754E+00
 1.95066E+00	 2.15948E+00	 1.61731E+00	 2.25000E+00	 2.24143E+00	 2.97531E+00	 1.84377E+00	 2.37329E+00	 1.90319E+00	 3.38947E+00	 9.81492E-01	 2.46915E+00	 2.57076E+00	 2.81528E+00	 2.50000E+00	 1.98457E+00	 3.13235E+00	 2.85380E+00	 9.83277E-01	 9.50631E-01	 3.25000E+00	 3.92924E+00	 3.47287E+00	 1.95682E+00	 3.62116E+00	 1.78421E+01	 3.83667E+01	 5.26013E+01	 6.46060E+01	 7.06967E+01	 5.90567E+01	 3.61559E+01	 1.28328E+01	 3.56647E+00	 2.42599E+00	 2.55198E+00	 2.71297E+00	 2.27283E+00	 2.00000E+00	 2.56463E+00	 2.16675E+00	 2.28013E+00	 1.50000E+00	 2.25000E+00	 2.29565E+00	 2.87061E+00	 1.98148E+00	 2.25904E+00	 2.22289E+00	 1.97287E+00	 2.23795E+00	 2.97590E+00	 2.69213E+00	 2.18482E+00	 2.56246E+00	 1.87688E+00	 3.28345E+00	 2.90009E+00	 3.37671E+00	 2.94682E+00	 2.51672E+00
 3.99149E+00	 2.30392E+00	 2.95482E+00	 2.63740E+00	 2.45380E+00	 1.47289E+00	 2.07232E+00	 4.71298E+00	 2.49383E+00	 2.57532E+00	 3.30638E+00	 3.01535E+00	 3.92445E+00	 2.68974E+00	 3.00338E+00	 2.50000E+00	 3.53244E+00	 1.23795E+00	 1.93671E+00	 2.46917E+00	 3.51234E+00	 2.59283E+00	 3.68287E+00	 3.57723E+00	 4.45372E+00	 4.43378E+00	 1.86198E+01	 4.70048E+01	 7.10151E+01	 7.27409E+01	 5.95965E+01	 4.38139E+01	 2.78435E+01	 8.31228E+00	 2.19151E+00	 2.76851E+00	 2.10263E+00	 2.92311E+00	 2.02893E+00	 1.97841E+00	 2.88630E+00	 2.39081E+00	 4.64081E+00	 2.21386E+00	 1.70180E+00	 2.00000E+00	 1.59248E+00	 2.40360E+00	 3.04425E+00	 2.21683E+00	 3.14206E+00	 2.84888E+00	 2.08448E+00	 3.24398E+00	 2.96297E+00	 2.65354E+00	 2.52053E+00	 2.51672E+00	 2.19213E+00	 2.13052E+00	 2.26678E+00
 3.35059E+00	 1.23765E+00	 1.00000E+00	 3.12726E+00	 3.59868E+00	 3.04526E+00	 4.84924E+00	 1.70380E+00	 2.22277E+00	 2.70470E+00	 2.07843E+00	 2.38121E+00	 2.52852E+00	 2.21915E+00	 2.43219E+00	 3.28390E+00	 1.75000E+00	 3.19662E+00	 2.67748E+00	 7.26609E+01	 5.92250E+02	 4.21297E+00	 2.98192E+00	 1.91374E+00	 1.96297E+00	 2.68537E+00	 7.81228E+00	 3.41763E+01	 5.86174E+01	 6.35170E+01	 5.41773E+01	 4.29436E+01	 2.60935E+01	 7.60918E+00	 3.30424E+00	 2.89829E+00	 2.75000E+00	 4.47590E+00	 2.97590E+00	 3.48795E+00	 3.25000E+00	 3.71917E+00	 1.94448E+00	 3.18354E+00	 3.82843E+00	 2.97841E+00	 2.49398E+00	 2.71384E+00	 3.37737E+00	 3.42157E+00	 1.80967E+00	 2.24665E+00	 2.71386E+00	 2.91840E+00	 2.72843E+00	 2.67766E+00	 2.85514E+00	 2.59076E+00	 2.44132E+00	 3.38539E+00	 2.75767E+00
 2.48795E+00	 3.71989E+00	 3.78972E+00	 3.25000E+00	 2.50000E+00	 3.22289E+00	 1.98193E+00	 2.29634E+00	 3.39620E+00	 2.46610E+00	 3.82232E+00	 3.13178E+00	 2.24383E+00	 3.66717E+00	 1.37921E+00	 2.80705E+00	 2.71424E+00	 3.00851E+00	 2.20474E+00	 2.59856E+00	 2.52369E+00	 2.18861E+00	 2.16393E+00	 2.16565E+00	 1.69450E+00	 2.85235E+00	 2.42351E+00	 6.10907E+00	 1.48516E+01	 2.54121E+01	 2.99404E+01	 3.01108E+01	 1.14497E+01	 4.51369E+00	 1.99096E+00	 2.71078E+00	 1.69315E+00	 2.53922E+00	 1.41534E+00	 5.05849E+00	 2.74074E+00	 3.21385E+00	 2.50904E+00	 2.22698E+00	 2.17770E+00	 5.06561E+00	 2.35707E+00	 2.78015E+00	 4.06909E+00	 2.44444E+00	 2.49398E+00	 3.23766E+00	 2.54245E+00	 2.33397E+00	 3.11664E+00	 2.72780E+00	 2.61709E+00	 3.56228E+00	 3.71298E+00	 3.75000E+00	 3.50000E+00
 4.33374E+00	 2.37665E+00	 2.36731E+00	 1.74639E+00	 3.40960E+00	 2.71913E+00	 2.70781E+00	 4.30392E+00	 3.00286E+00	 4.52775E+00	 5.34930E+00	 5.99096E+00	 3.75000E+00	 2.66860E+00	 1.91692E+00	 3.12047E+00	 3.74074E+00	 4.92594E+00	 2.64792E+00	 2.21869E+00	 2.79494E+00	 2.81030E+00	 5.36053E+00	 2.97890E+00	 9.90964E-01	 2.32008E+00	 2.12939E+00	 2.25000E+00	 1.94263E+00	 3.70180E+00	 7.11370E+00	 6.72287E+00	 3.16020E+00	 3.52053E+00	 2.47717E+00	 2.82785E+00	 3.91699E+00	 2.92287E+00	 3.81139E+00	 3.15009E+00	 1.50000E+00	 2.48825E+00	 3.27852E+00	 4.00000E+00	 3.18844E+00	 3.66199E+00	 3.19574E+00	 1.96078E+00	 3.00000E+00	 3.08607E+00	 3.39706E+00	 2.87509E+00	 3.01780E+00	 3.29844E+00	 5.34343E+00	 3.94224E+00	 5.13052E+00	 2.74630E+00	 2.01535E+00	 1.47533E+00	 3.21610E+00
 1.86139E+00	 3.02832E+00	 2.25000E+00	 3.78284E+00	 3.34924E+00	 2.66860E+00	 2.94213E+00	 2.99905E+00	 2.76933E+00	 3.18105E+00	 2.95474E+00	 2.39252E+00	 2.05737E+00	 2.51741E+00	 1.71835E+00	 2.90343E+00	 3.12665E+00	 2.12983E+00	 3.48494E+00	 1.71384E+00	 2.32544E+00	 3.48795E+00	 2.46913E+00	 2.98193E+00	 2.46756E+00	 4.46869E+00	 2.71078E+00	 1.75000E+00	 2.72533E+00	 2.64792E+00	 2.60208E+00	 1.25000E+00	 2.39620E+00	 2.89455E+00	 2.94662E+00	 2.20066E+00	 2.69315E+00	 3.37224E+00	 2.65927E+00	 3.58301E+00	 3.09220E+00	 2.30338E+00	 2.01808E+00	 1.88493E+00	 3.31489E+00	 2.68830E+00	 2.44579E+00	 3.47590E+00	 3.12726E+00	 2.21989E+00	 2.77852E+00	 4.29629E+00	 3.48494E+00	 2.89504E+00	 3.39082E+00	 4.14206E+00	 2.03703E+00	 2.29219E+00	 3.25000E+00	 3.94213E+00	 3.53085E+00
 2.40717E+00	 3.29657E+00	 2.94579E+00	 2.21386E+00	 2.93231E+00	 2.88539E+00	 2.46987E+00	 2.70063E+00	 2.47532E+00	 2.23795E+00	 3.38527E+00	 1.63527E+00	 3.00000E+00	 2.13641E+00	 2.51851E+00	 3.25000E+00	 2.40475E+00	 2.23494E+00	 7.50000E-01	 2.85198E+00	 2.66681E+00	 3.44458E+00	 3.87329E+00	 2.24096E+00	 2.70372E+00	 2.97876E+00	 2.59606E+00	 2.39737E+00	 1.78204E+00	 2.03813E+00	 3.17375E+00	 2.81949E+00	 2.73328E+00	 5.22531E+00	 2.46424E+00	 3.16199E+00	 2.21384E+00	 3.06909E+00	 1.84924E+00	 2.48149E+00	 1.75370E+00	 2.50000E+00	 2.28922E+00	 2.82713E+00	 3.00000E+00	 2.23193E+00	 2.70781E+00	 2.06781E+00	 1.50000E+00	 2.21985E+00	 2.16772E+00	 2.82008E+00	 2.67756E+00	 3.75000E+00	 1.50000E+00	 3.14746E+00	 3.59295E+00	 3.11731E+00	 2.61969E+00	 3.72631E+00	 4.12939E+00
 2.21316E+00	 3.57401E+00	 2.36709E+00	 2.00602E+00	 1.73795E+00	 2.00000E+00	 2.68835E+00	 2.00000E+00	 7.34936E-01	 2.20682E+00	 2.34452E+00	 2.33374E+00	 2.90144E+00	 9.90742E-01	 2.12331E+00	 1.74398E+00	 1.67157E+00	 3.09073E+00	 2.44151E+00	 1.69213E+00	 2.05267E+00	 2.06561E+00	 2.26205E+00	 1.83011E+00	 1.03881E+00	 1.75000E+00	 1.00000E+00	 2.54565E+00	 2.16675E+00	 3.68231E+00	 1.67445E+00	 2.67468E+00	 2.24398E+00	 1.99398E+00	 1.23457E+00	 1.25000E+00	 2.41534E+00	 2.84606E+00	 2.10137E+00	 2.70682E+00	 2.89863E+00	 3.85496E+00	 2.89504E+00	 3.00000E+00	 1.93439E+00	 1.73149E+00	 2.47590E+00	 3.22590E+00	 2.40948E+00	 1.37329E+00	 1.21696E+00	 1.49149E+00	 1.75842E+00	 1.40955E+00	 1.75000E+00	 3.55063E+00	 3.43287E+00	 2.68657E+00	 2.59431E+00	 3.45784E+00	 2.64147E+00
 2.92768E+00	 3.92768E+00	 3.97841E+00	 2.90132E+00	 2.46296E+00	 1.96913E+00	 3.57252E+00	 2.78244E+00	 3.70063E+00	 2.13895E+00	 1.93592E+00	 1.69576E+00	 2.00000E+00	 2.73193E+00	 4.20482E+00	 2.68219E+00	 1.96610E+00	 1.93366E+00	 1.75000E+00	 2.19362E+00	 9.81481E-01	 1.28015E+00	 2.81030E+00	 2.51986E+00	 2.27369E+00	 2.29475E+00	 1.23494E+00	 1.94579E+00	 2.00000E+00	 3.48765E+00	 2.95433E+00	 1.41794E+00	 1.75000E+00	 1.95994E+00	 9.54807E-01	 1.44244E+00	 1.67604E+00	 2.26014E+00	 1.73193E+00	 2.56408E+00	 1.82076E+00	 2.47843E+00	 1.39565E+00	 3.00000E+00	 2.86139E+00	 2.50000E+00	 2.28702E+00	 2.21610E+00	 3.05426E+00	 2.94574E+00	 2.96386E+00	 1.97289E+00	 1.73766E+00	 1.45171E+00	 3.84991E+00	 3.12737E+00	 2.19566E+00	 2.89452E+00	 2.46384E+00	 1.89406E+00	 1.35523E+00
 2.98193E+00	 6.20784E+00	 2.67756E+00	 1.96297E+00	 1.98148E+00	 2.50000E+00	 2.25000E+00	 2.21915E+00	 2.48457E+00	 2.71119E+00	 2.50000E+00	 2.71385E+00	 2.73192E+00	 3.02467E+00	 3.65144E+00	 3.05612E+00	 2.67396E+00	 3.16508E+00	 3.48193E+00	 3.25000E+00	 1.98766E+00	 3.25000E+00	 1.50000E+00	 2.65780E+00	 2.54657E+00	 2.68844E+00	 3.44579E+00	 4.17396E+00	 2.33698E+00	 3.15548E+00	 1.70380E+00	 3.00000E+00	 2.21386E+00	 2.75842E+00	 2.31165E+00	 2.12329E+00	 1.98795E+00	 1.02410E+00	 2.66360E+00	 2.75000E+00	 2.68696E+00	 1.48795E+00	 2.37312E+00	 2.23193E+00	 2.19869E+00	 2.56477E+00	 1.93439E+00	 1.98494E+00	 1.21987E+00	 2.23494E+00	 1.97532E+00	 1.74383E+00	 1.48795E+00	 2.53813E+00	 2.75000E+00	 1.97591E+00	 2.97591E+00	 2.24096E+00	 2.36461E+00	 2.53390E+00	 2.42604E+00
 1.79928E+00	 2.40746E+00	 1.98795E+00	 3.30223E+00	 2.68657E+00	 4.34052E+00	 3.72868E+00	 3.59283E+00	 3.14252E+00	 4.22591E+00	 2.94574E+00	 2.00000E+00	 2.79318E+00	 3.46915E+00	 3.15132E+00	 1.75000E+00	 2.50000E+00	 1.93835E+00	 1.58302E+00	 3.00000E+00	 5.29240E+00	 1.89152E+00	 2.66770E+00	 2.47531E+00	 1.45171E+00	 1.96302E+00	 2.10496E+00	 3.11913E+00	 2.51780E+00	 1.50000E+00	 4.55612E+00	 1.00000E+00	 3.03881E+00	 1.23494E+00	 1.82232E+00	 2.51267E+00	 2.73457E+00	 3.00000E+00	 3.09622E+00	 3.95957E+00	 3.77053E+00	 2.25000E+00	 1.87312E+00	 1.86461E+00	 2.66626E+00	 2.82843E+00	 3.52713E+00	 2.68975E+00	 2.25000E+00	 2.05787E+00	 1.44765E+00	 2.02468E+00	 2.70145E+00	 1.66838E+00	 2.96381E+00	 2.91860E+00	 3.56327E+00	 3.21296E+00	 2.25000E+00	 2.50343E+00	 1.84622E+00
 1.75000E+00	 3.72289E+00	 4.35907E+00	 2.23795E+00	 2.66374E+00	 4.75000E+00	 1.98576E+00	 1.92595E+00	 3.25000E+00	 1.47289E+00	 2.94051E+00	 2.54657E+00	 3.12768E+00	 4.56904E+00	 2.48644E+00	 2.93366E+00	 2.66231E+00	 2.53702E+00	 2.75000E+00	 2.96385E+00	 3.94711E+00	 3.45072E+00	 2.41364E+00	 3.44735E+00	 2.53894E+00	 2.73457E+00	 5.00000E+00	 2.80550E+00	 2.34295E+00	 1.79620E+00	 4.75901E-01	 2.97287E+00	 2.30949E+00	 2.70072E+00	 3.69444E+00	 2.86206E+00	 3.50000E+00	 3.17761E+00	 3.69028E+00	 3.97590E+00	 3.96386E+00	 3.01852E+00	 2.46297E+00	 3.19263E+00	 2.96985E+00	 2.53703E+00	 3.94450E+00	 1.97289E+00	 2.15132E+00	 2.84261E+00	 3.29761E+00	 2.53691E+00	 3.90746E+00	 1.97223E+00	 2.48765E+00	 2.24096E+00	 1.72289E+00	 2.79154E+00	 2.20474E+00	 2.16860E+00	 2.42539E+00
 2.41626E+00	 1.95482E+00	 2.91320E+00	 4.21696E+00	 2.44589E+00	 3.09744E+00	 2.94450E+00	 3.03702E+00	 2.75000E+00	 4.13798E+00	 2.53304E+00	 2.44151E+00	 4.30030E+00	 2.95687E+00	 3.86053E+00	 3.52124E+00	 2.31007E+00	 2.00000E+00	 3.71987E+00	 2.01014E+00	 2.83698E+00	 1.93523E+00	 2.72788E+00	 4.46228E+00	 2.00000E+00	 1.67604E+00	 1.00000E+00	 2.67445E+00	 3.26205E+00	 2.40780E+00	 2.94869E+00	 2.93628E+00	 3.04318E+00	 2.06853E+00	 3.96985E+00	 3.71917E+00	 3.32532E+00	 2.95063E+00	 1.59681E+00	 2.18287E+00	 1.82173E+00	 2.30063E+00	 4.64206E+00	 3.02411E+00	 1.73193E+00	 2.75000E+00	 3.53083E+00	 3.43975E+00	 1.73795E+00	 1.93829E+00	 2.65927E+00	 2.06895E+00	 2.75000E+00	 2.21985E+00	 3.25000E+00	 1.70066E+00	 3.25000E+00	 4.13336E+00	 2.66565E+00	 2.92157E+00	 2.58068E+00
 2.27349E+00	 2.53894E+00	 1.49158E+00	 2.00000E+00	 2.15924E+00	 1.23623E+00	 3.64147E+00	 3.67441E+00	 2.76780E+00	 1.97590E+00	 3.10523E+00	 1.98193E+00	 3.08914E+00	 3.00000E+00	 3.90739E+00	 2.79628E+00	 3.58032E+00	 3.57076E+00	 3.67924E+00	 3.19051E+00	 2.67141E+00	 4.50000E+00	 3.47717E+00	 6.30190E+00	 2.74121E+00	 2.17924E+00	 3.33721E+00	 5.02053E+00	 3.52411E+00	 4.71187E+00	 3.68219E+00	 4.08105E+00	 2.10523E+00	 3.00000E+00	 3.75904E+00	 1.96296E+00	 3.70846E+00	 3.36442E+00	 3.50000E+00	 2.75000E+00	 3.52053E+00	 4.19589E+00	 4.19576E+00	 2.62491E+00	 3.12939E+00	 2.34045E+00	 2.90759E+00	 1.99983E+00	 3.60442E+00	 2.66699E+00	 4.56634E+00	 2.20435E+00	 3.50000E+00	 1.70180E+00	 2.54475E+00	 2.45940E+00	 1.71985E+00	 2.77754E+00	 1.75000E+00	 2.96386E+00	 2.23457E+00
 2.48102E+00	 8.74203E+00	 1.00196E+01	 3.63707E+00	 2.76852E+00	 1.73795E+00	 2.21915E+00	 2.45682E+00	 2.65144E+00	 2.95992E+00	 2.50000E+00	 1.78866E+00	 2.37106E+00	 1.50000E+00	 1.19151E+00	 2.71134E+00	 1.50000E+00	 1.78614E+00	 2.64202E+00	 2.35848E+00	 1.31781E+00	 2.06781E+00	 7.07301E+00	 9.21324E+00	 3.54634E+00	 2.93657E+00	 1.71736E+00	 1.45063E+00	 3.69448E+00	 4.16374E+00	 2.76672E+00	 2.23766E+00	 2.95180E+00	 4.46228E+00	 3.20372E+00	 2.80097E+00	 2.88087E+00	 3.21917E+00	 2.80426E+00	 5.01377E+00	 3.65960E+00	 2.21384E+00	 2.50000E+00	 1.75000E+00	 2.60235E+00	 3.67311E+00	 2.71424E+00	 2.38102E+00	 3.41199E+00	 2.87655E+00	 3.01205E+00	 2.55338E+00	 3.16374E+00	 2.65132E+00	 2.73192E+00	 3.15955E+00	 3.26672E+00	 2.22532E+00	 2.33414E+00	 2.35289E+00	 2.25000E+00
 9.30251E+00	 2.98855E+01	 4.06688E+01	 2.87123E+01	 8.60421E+00	 1.80392E+00	 1.71915E+00	 2.68482E+00	 1.45380E+00	 2.36555E+00	 3.29318E+00	 2.71381E+00	 2.45506E+00	 3.81327E+00	 2.60532E+00	 3.10532E+00	 2.71683E+00	 1.96386E+00	 2.81030E+00	 2.76205E+00	 1.95474E+00	 2.18970E+00	 1.75000E+00	 1.90746E+00	 2.71297E+00	 2.01234E+00	 2.23795E+00	 1.99398E+00	 2.57401E+00	 3.71078E+00	 2.50000E+00	 2.64206E+00	 1.92604E+00	 2.28702E+00	 2.16552E+00	 2.99074E+00	 2.26933E+00	 2.30542E+00	 2.78085E+00	 2.73193E+00	 2.97551E+00	 2.91393E+00	 2.19151E+00	 3.50074E+00	 2.19579E+00	 2.95182E+00	 2.47591E+00	 9.38346E-01	 3.12274E+00	 3.71316E+00	 4.96835E+00	 3.87224E+00	 5.69983E+00	 4.16681E+00	 3.14147E+00	 3.58721E+00	 3.95474E+00	 2.89152E+00	 1.69869E+00	 2.28244E+00	 2.99905E+00
 5.41720E+00	 1.42582E+01	 2.02979E+01	 9.46437E+00	 2.87421E+00	 2.86812E+00	 2.66932E+00	 2.18231E+00	 2.34045E+00	 1.16675E+00	 1.24096E+00	 1.75000E+00	 2.19574E+00	 1.91137E+00	 1.71385E+00	 1.00000E+00	 2.10217E+00	 3.42768E+00	 3.01898E+00	 2.50000E+00	 3.23765E+00	 2.15126E+00	 1.77886E+00	 2.86438E+00	 2.43673E+00	 2.50000E+00	 2.41989E+00	 2.15111E+00	 1.75000E+00	 1.66838E+00	 1.48795E+00	 2.20180E+00	 1.78040E+00	 1.36822E+00	 1.08914E+00	 2.45940E+00	 3.99665E+00	 2.81007E+00	 3.03085E+00	 3.36945E+00	 4.11986E+00	 3.46915E+00	 3.41364E+00	 3.50602E+00	 2.00000E+00	 2.50000E-01	 2.46987E+00	 2.97341E+00	 2.67311E+00	 4.79425E+00	 1.29719E+01	 1.76488E+01	 1.77989E+01	 1.55300E+01	 9.11455E+00	 4.37637E+00	 2.95760E+00	 2.09606E+00	 1.17924E+00	 1.76062E+00	 2.25000E+00
 1.86421E+00	 2.00000E+00	 2.69132E+00	 2.97032E+00	 2.72148E+00	 2.18147E+00	 2.23148E+00	 1.72289E+00	 1.94779E+00	 2.84889E+00	 2.30685E+00	 3.81542E+00	 1.22972E+00	 2.00000E+00	 2.31153E+00	 2.23193E+00	 2.86664E+00	 2.85594E+00	 3.12726E+00	 3.38235E+00	 3.87224E+00	 2.56909E+00	 1.75842E+00	 2.41860E+00	 3.73193E+00	 3.75000E+00	 1.96915E+00	 2.74383E+00	 2.23765E+00	 1.25000E+00	 2.09248E+00	 3.76780E+00	 2.66561E+00	 2.62579E+00	 2.90960E+00	 2.23149E+00	 2.23149E+00	 2.55849E+00	 2.66675E+00	 2.50000E+00	 1.00000E+00	 2.18830E+00	 2.20372E+00	 2.85848E+00	 3.46078E+00	 3.44576E+00	 2.98192E+00	 3.04972E+00	 2.54972E+00	 6.60421E+00	 2.34807E+01	 3.89742E+01	 3.86776E+01	 3.42506E+01	 2.40887E+01	 1.36546E+01	 6.00148E+00	 3.01234E+00	 1.22532E+00	 1.24398E+00	 1.90009E+00
 2.43565E+00	 1.47591E+00	 1.70371E+00	 1.20072E+00	 2.96987E+00	 4.09612E+00	 4.39452E+00	 3.18830E+00	 1.47223E+00	 8.18952E-01	 2.33414E+00	 3.60821E+00	 2.55030E+00	 2.65015E+00	 2.41360E+00	 1.61421E+00	 2.00000E+00	 1.52832E+00	 2.00000E+00	 1.73193E+00	 1.85848E+00	 1.75000E+00	 2.35675E+00	 1.99096E+00	 1.95781E+00	 4.06769E+00	 2.79154E+00	 2.36275E+00	 1.99383E+00	 2.73148E+00	 2.97225E+00	 1.50000E+00	 1.76175E+00	 4.13790E+00	 4.09264E+00	 4.00000E+00	 2.90745E+00	 2.40623E+00	 3.23193E+00	 3.35848E+00	 3.16748E+00	 1.48149E+00	 3.38895E+00	 1.67604E+00	 2.68657E+00	 3.50000E+00	 3.60798E+00	 3.06981E+00	 3.12939E+00	 6.70659E+00	 2.45986E+01	 4.18975E+01	 4.23520E+01	 3.82879E+01	 3.49143E+01	 2.46254E+01	 1.03166E+01	 3.52159E+00	 3.30552E+00	 2.77754E+00	 1.21683E+00
 2.47277E+00	 3.15752E+00	 3.97289E+00	 4.30063E+00	 3.77469E+00	 2.72287E+00	 3.10536E+00	 3.20180E+00	 4.40745E+00	 2.61461E+00	 1.67141E+00	 5.00617E+00	 3.79115E+00	 1.80552E+00	 2.60848E+00	 2.72922E+00	 2.10235E+00	 3.66086E+00	 2.50000E+00	 3.00000E+00	 1.50000E+00	 1.71736E+00	 3.00000E+00	 7.40964E-01	 2.75000E+00	 3.25370E+00	 2.85133E+00	 2.73193E+00	 3.16137E+00	 4.40360E+00	 3.48148E+00	 2.39202E+00	 2.26308E+00	 2.91374E+00	 3.10907E+00	 3.75000E+00	 2.95180E+00	 3.19051E+00	 3.35235E+00	 2.12047E+00	 2.43835E+00	 3.44132E+00	 2.96683E+00	 1.98623E+00	 3.13892E+00	 1.24383E+00	 3.87329E+00	 2.59845E+00	 2.56895E+00	 7.84638E+00	 2.40942E+01	 3.69096E+01	 4.39144E+01	 3.89374E+01	 2.71778E+01	 2.24155E+01	 1.29327E+01	 9.87326E+00	 6.19451E+00	 3.42468E+00	 2.75000E+00
 2.47717E+00	 2.95380E+00	 1.84040E+00	 1.50000E+00	 2.39792E+00	 1.97830E+00	 3.35235E+00	 3.83414E+00	 2.44033E+00	 3.67924E+00	 2.96985E+00	 7.31793E+00	 6.97717E+00	 2.92766E+00	 3.55131E+00	 3.31532E+00	 4.70474E+00	 1.96078E+00	 2.01356E+00	 4.18353E+00	 3.94579E+00	 2.00845E+00	 2.23795E+00	 3.04216E+00	 1.98148E+00	 2.02754E+00	 2.50000E+00	 1.49074E+00	 2.25000E+00	 3.89102E+00	 5.26027E+00	 2.37655E+00	 2.23795E+00	 2.99630E+00	 4.05392E+00	 2.09744E+00	 1.98714E+00	 3.00000E+00	 3.15126E+00	 3.42547E+00	 3.29224E+00	 3.31329E+00	 2.42465E+00	 3.64863E+00	 1.75000E+00	 2.58626E+00	 2.67599E+00	 4.51780E+00	 3.71610E+00	 7.91095E+00	 2.58754E+01	 3.37652E+01	 3.72642E+01	 3.30637E+01	 2.59481E+01	 2.10917E+01	 1.11870E+01	 8.73012E+00	 5.63707E+00	 2.83301E+00	 3.93960E+00
 1.71298E+00	 3.50376E+00	 2.23494E+00	 4.84431E+00	 4.83728E+00	 2.23795E+00	 3.84888E+00	 4.70371E+00	 2.64325E+00	 2.03614E+00	 2.19579E+00	 3.65869E+00	 4.02220E+00	 2.57625E+00	 2.91699E+00	 2.61182E+00	 2.50000E+00	 2.65746E+00	 3.08374E+00	 3.05289E+00	 2.99657E+00	 2.89142E+00	 4.62342E+00	 2.41561E+00	 2.00000E+00	 2.00000E+00	 1.75000E+00	 3.11438E+00	 1.71913E+00	 3.05411E+00	 3.11731E+00	 1.99121E+00	 2.03434E+00	 3.87688E+00	 2.51780E+00	 2.50000E+00	 2.80063E+00	 3.40752E+00	 2.24096E+00	 2.49685E+00	 2.71302E+00	 2.80756E+00	 3.00000E+00	 3.00602E+00	 2.50000E+00	 2.23148E+00	 4.41586E+00	 2.50000E+00	 3.02414E+00	 1.22558E+01	 2.40205E+01	 3.10568E+01	 3.36308E+01	 3.09477E+01	 2.59802E+01	 1.97654E+01	 1.67027E+01	 6.51630E+00	 3.50000E+00	 2.50000E+00	 2.98193E+00
 1.67141E+00	 2.59856E+00	 2.21985E+00	 3.25338E+00	 2.87983E+00	 2.00000E+00	 2.48795E+00	 2.71915E+00	 4.26014E+00	 3.13924E+00	 2.40569E+00	 2.92617E+00	 4.71297E+00	 2.90144E+00	 3.48765E+00	 4.44576E+00	 2.38566E+00	 3.44779E+00	 2.50000E+00	 2.75000E+00	 3.42924E+00	 2.86260E+00	 1.93519E+00	 3.54219E+00	 3.90780E+00	 1.75000E+00	 3.30221E+00	 3.37669E+00	 3.75338E+00	 3.97589E+00	 1.77811E+00	 2.69444E+00	 3.14468E+00	 2.77811E+00	 3.77614E+00	 1.74383E+00	 3.17468E+00	 3.05780E+00	 3.24624E+00	 2.50000E+00	 3.49383E+00	 2.49624E+00	 2.25000E+00	 3.75338E+00	 2.41699E+00	 4.32244E+00	 2.57252E+00	 1.90752E+00	 5.88102E+00	 1.21960E+01	 2.49899E+01	 2.63768E+01	 2.74510E+01	 2.24495E+01	 1.87803E+01	 1.69490E+01	 1.35885E+01	 9.29783E+00	 3.66772E+00	 3.44213E+00	 5.00857E+00
 1.78614E+00	 2.13121E+00	 2.69597E+00	 2.16794E+00	 1.51903E+00	 2.50000E+00	 3.00000E+00	 3.17468E+00	 2.14737E+00	 2.61731E+00	 2.18219E+00	 2.68830E+00	 2.63579E+00	 2.65927E+00	 3.11731E+00	 1.87737E+00	 2.58608E+00	 3.17311E+00	 3.34622E+00	 1.00000E+00	 2.73193E+00	 3.71386E+00	 2.96386E+00	 1.98457E+00	 1.52852E+00	 2.69937E+00	 2.43354E+00	 1.96381E+00	 3.10523E+00	 3.23457E+00	 1.94458E+00	 2.48795E+00	 2.21683E+00	 2.00906E+02	 6.46721E+01	 2.49236E+00	 1.92748E+00	 3.15948E+00	 4.40479E+00	 3.21683E+00	 4.16668E+00	 2.09009E+00	 2.75000E+00	 3.20482E+00	 2.48795E+00	 2.85496E+00	 3.00000E+00	 2.87509E+00	 6.13740E+00	 1.39657E+01	 2.39571E+01	 2.38971E+01	 1.85429E+01	 1.20252E+01	 1.14393E+01	 1.19534E+01	 1.20614E+01	 4.59845E+00	 3.45560E+00	 2.96915E+00	 2.37421E+00
 1.94579E+00	 3.42306E+00	 3.28015E+00	 2.97287E+00	 1.99074E+00	 2.72591E+00	 1.58206E+00	 1.64452E+00	 2.21566E+00	 3.08626E+00	 1.68366E+00	 1.64152E+00	 1.25000E+00	 1.73795E+00	 2.39081E+00	 2.61731E+00	 1.69263E+00	 1.61139E+00	 1.92657E+00	 2.07535E+00	 2.11507E+00	 2.23193E+00	 2.29494E+00	 3.25000E+00	 4.50617E+00	 2.69576E+00	 2.65169E+00	 2.21298E+00	 3.48765E+00	 2.75370E+00	 3.11359E+00	 3.14922E+00	 1.95372E+00	 2.41231E+00	 2.53317E+00	 2.09952E+00	 1.92604E+00	 3.00000E+00	 3.86969E+00	 2.75000E+00	 4.25000E+00	 3.12312E+00	 2.02848E+00	 3.68675E+00	 3.51852E+00	 3.43287E+00	 1.94566E+00	 2.75000E+00	 4.42456E+00	 1.34556E+01	 1.64130E+01	 1.80082E+01	 1.36514E+01	 1.16463E+01	 1.12562E+01	 1.08829E+01	 8.63294E+00	 8.79534E+00	 3.92319E+00	 3.00000E+00	 1.63895E+00
 2.86698E+00	 2.08847E+00	 2.92468E+00	 3.64147E+00	 2.19212E+00	 1.74096E+00	 1.66552E+00	 1.98328E+00	 1.97287E+00	 2.50000E+00	 2.13916E+00	 2.76986E+00	 1.65319E+00	 2.89406E+00	 2.13445E+00	 2.64147E+00	 1.99398E+00	 2.20066E+00	 2.20435E+00	 1.81408E+00	 2.07076E+00	 1.70687E+00	 2.12061E+00	 3.25000E+00	 2.20781E+00	 3.15048E+00	 1.45177E+00	 1.92599E+00	 2.39206E+00	 3.34057E+00	 2.96298E+00	 2.25000E+00	 1.47841E+00	 3.04155E+00	 1.43482E+00	 1.97590E+00	 2.00000E+00	 1.17005E+00	 1.53504E+00	 1.47533E+00	 2.21384E+00	 2.97386E+00	 3.92770E+00	 3.25631E+00	 1.99603E+00	 2.25000E+00	 1.69448E+00	 2.61555E+00	 2.00000E+00	 4.71814E+00	 8.43463E+00	 7.80949E+00	 7.43507E+00	 9.73721E+00	 9.25388E+00	 9.87907E+00	 8.32640E+00	 5.98644E+00	 3.49096E+00	 2.61370E+00	 2.83950E+00
 2.45180E+00	 3.12342E+00	 2.72383E+00	 2.49398E+00	 1.99398E+00	 1.68673E+00	 1.99096E+00	 3.19576E+00	 3.78013E+00	 1.25000E+00	 3.48795E+00	 3.23986E+00	 2.92597E+00	 2.08414E+00	 1.46078E+00	 2.77852E+00	 3.25000E+00	 2.50000E+00	 2.00000E+00	 1.60289E+00	 1.98938E+00	 3.20482E+00	 3.70482E+00	 3.00000E+00	 2.81853E+00	 2.50000E+00	 3.72890E+00	 4.37894E+00	 4.54510E+00	 4.44802E+00	 1.95332E+00	 1.46756E+00	 2.85217E+00	 2.45063E+00	 3.36206E+00	 3.42594E+00	 2.21913E+00	 1.51205E+00	 3.98765E+00	 2.31040E+00	 1.98193E+00	 2.75000E+00	 3.40048E+00	 2.73193E+00	 2.50000E+00	 2.52811E+00	 3.48765E+00	 1.50000E+00	 2.53866E+00	 2.97223E+00	 3.25000E+00	 2.45182E+00	 3.50000E+00	 2.91838E+00	 4.11370E+00	 5.23191E+00	 4.92685E+00	 2.75000E+00	 1.62884E+00	 2.62116E+00	 2.86812E+00
 2.09360E+00	 3.04475E+00	 1.96917E+00	 2.49398E+00	 3.01543E+00	 2.34924E+00	 2.92685E+00	 3.48457E+00	 3.45482E+00	 2.23795E+00	 2.50000E+00	 3.81165E+00	 2.90360E+00	 2.67768E+00	 3.47205E+00	 2.33068E+00	 3.31007E+00	 2.24657E+00	 2.40927E+00	 2.23795E+00	 2.11555E+00	 2.91561E+00	 4.11442E+00	 2.80972E+00	 1.77754E+00	 2.46915E+00	 1.98148E+00	 3.35137E+00	 2.94051E+00	 4.22032E+00	 3.06646E+00	 2.17597E+00	 1.72225E+00	 1.48457E+00	 2.12737E+00	 3.37131E+00	 2.20481E+00	 2.41838E+00	 2.21385E+00	 3.13892E+00	 3.43829E+00	 2.51506E+00	 3.48795E+00	 2.97843E+00	 2.73193E+00	 2.48193E+00	 2.45784E+00	 3.17141E+00	 2.80949E+00	 3.06518E+00	 2.50000E+00	 2.86507E+00	 2.63630E+00	 2.53345E+00	 2.56408E+00	 1.98192E+00	 2.06532E+00	 2.62671E+00	 2.13763E+00	 2.57003E+00	 2.45992E+00
 1.64406E+00	 1.73193E+00	 1.75685E+00	 3.23692E+00	 3.20482E+00	 2.50000E+00	 1.92761E+00	 1.98193E+00	 7.40964E-01	 3.20182E+00	 3.44579E+00	 1.46915E+00	 3.53576E+00	 3.20470E+00	 2.04519E+00	 3.65475E+00	 1.57625E+00	 2.36555E+00	 5.54006E+00	 5.12579E+00	 3.76535E+00	 2.11935E+00	 4.22289E+00	 2.66989E+00	 3.82076E+00	 2.03013E+00	 2.39147E+00	 2.39406E+00	 1.87075E+00	 3.73457E+00	 4.06325E+00	 1.77893E+00	 1.92604E+00	 2.71424E+00	 1.85655E+00	 2.00000E+00	 2.80063E+00	 3.85263E+00	 2.36507E+00	 4.53650E+00	 1.61913E+00	 1.53264E+00	 2.86316E+00	 2.57244E+00	 2.95481E+00	 2.47223E+00	 1.98457E+00	 3.10137E+00	 2.84843E+00	 3.47972E+00	 2.72841E+00	 2.63493E+00	 3.15686E+00	 3.75000E+00	 3.06920E+00	 2.71386E+00	 2.65924E+00	 2.48733E+00	 3.78015E+00	 2.90048E+00	 3.43468E+00
 1.95994E+00	 2.16989E+00	 1.96296E+00	 2.93835E+00	 1.46384E+00	 2.44574E+00	 4.02411E+00	 2.55131E+00	 2.47841E+00	 2.38539E+00	 2.88235E+00	 3.44450E+00	 2.98149E+00	 2.67547E+00	 4.51356E+00	 3.00000E+00	 4.06909E+00	 3.55267E+00	 3.86084E+00	 3.10194E+00	 3.27220E+00	 2.36898E+00	 3.37116E+00	 4.77467E+00	 1.34985E+00	 2.15126E+00	 3.90745E+00	 4.89706E+00	 4.90360E+00	 4.74905E+00	 4.86964E+00	 3.41552E+00	 2.54154E+00	 3.03304E+00	 3.55958E+00	 1.93519E+00	 2.53244E+00	 5.81853E+00	 3.50370E+00	 2.75000E+00	 2.75000E+00	 2.31343E+00	 2.60233E+00	 2.90623E+00	 2.25000E+00	 2.48354E+00	 6.24398E+00	 2.28390E+00	 5.16561E+00	 2.50000E+00	 4.56026E+00	 3.25000E+00	 1.66364E+00	 4.73192E+00	 2.04972E+00	 3.96987E+00	 3.60137E+00	 2.99260E+00	 6.18977E+00	 3.20784E+00	 3.76506E+00
